  time         acel
4900.00   0.93290002
4904.00   0.93730000
4906.00   0.93179995
4908.00   0.94169997
4910.01   0.93620003
4912.01   0.93730000
4918.01   0.93399999
4920.01   0.93950003
4922.01   0.93399999
4924.01   0.93730000
4934.02   0.93730000
4936.02   0.94169997
4938.02   0.93620003
4940.02   0.94060000
4942.02   0.93620003
4945.77   0.94169997
4947.68   0.94060000
4951.49   0.93730000
4953.13   0.93399999
4955.14   0.93730000
4957.14   0.93179995
4959.14   0.93620003
4963.14   0.93509996
4967.14   0.93839996
4969.14   0.93620003
4979.15   0.93290002
4981.15   0.92739998
4983.15   0.92960002
4987.15   0.92960002
4991.15   0.93069998
4997.16   0.93399999
5000.73   0.93069998
5004.19   0.92850005
5005.98   0.92960002
5007.76   0.92850005
5011.69   0.93069998
5013.27   0.92739998
5014.93   0.93069998
5023.52   0.93069998
5026.98   0.93290002
5028.96   0.93069998
5032.62   0.92850005
5036.37   0.93069998
5041.77   0.93509996
5043.47   0.93069998
5051.80   0.92960002
5055.52   0.92630001
5059.06   0.93290002
5064.95   0.93179995
5066.90   0.93399999
5068.86   0.93290002
5072.71   0.95489999
5076.56   0.73380002
5078.56   1.11110002
5080.53   0.79650003
5082.49   1.09790000
5084.25   0.77560003
5086.03   1.01760000
5088.03   0.90870001
5089.70   1.11770003
5091.69   0.79869996
5093.67   1.07369999
5095.50   0.80529998
5097.32   1.08469997
5099.18   0.78000000
5101.18   1.03519999
5103.04   0.79980003
5104.93   1.05059995
5106.86   0.81959997
5108.78   1.05609999
5110.69   0.77449996
5112.68   1.01980003
5114.55   0.93950003
5116.49   0.94060000
5120.34   0.85590003
5122.16   1.06820005
5124.10   0.79209995
5125.91   1.09790000
5127.90   0.76130004
5129.84   1.07699999
5131.58   0.78769998
5133.49   1.12430004
5135.20   0.79099998
5137.10   1.07809996
5138.94   0.80859998
5140.74   1.06490004
5142.52   0.84270000
5144.52   1.07920003
5146.31   0.84600001
5148.20   0.92300001
5153.35   0.92630001
5157.33   0.92739998
5162.90   0.92850005
5166.83   0.92739998
5170.40   0.92739998
5172.19   0.92850005
5174.16   0.92739998
5175.80   0.93290002
5181.24   0.57320002
5183.03   1.15950003
5184.64   0.75029995
5186.55   0.99890003
5189.57   0.89329995
5192.06   0.94390001
5193.84   0.73380002
5195.37   0.90430004
5204.21   1.09239995
5215.33   0.68540001
5219.06   0.77449996
5221.03   0.96150000
5222.84   0.58750001
5224.68   1.01980003
5230.40   0.76679998
5232.16   0.84600001
5239.21   0.94499997
5242.20   0.92409997
5244.09   0.78660001
5245.14   1.07590003
5246.53   0.79539996
5248.16   0.99230002
5250.16   0.69309999
5252.16   1.00109997
5254.17   0.95380002
5256.17   1.01099998
5258.17   0.97029995
5261.32   1.20460004
5263.32   0.93399999
5267.33   1.02750001
5269.33   0.91309999
5273.33   1.08139997
5275.33   0.82180000
5277.33   0.93950003
5279.33   0.87569996
5281.60   0.87239995
5285.60   0.86799998
5288.76   1.04619998
5288.88   0.81850000
5290.88   1.09569996
5292.88   0.75579999
5294.88   1.22220004
5296.88   0.80859998
5302.50   1.00439997
5303.97   0.92409997
5305.97   1.03959997
5307.63   0.95710003
5311.64   1.00990002
5315.64   0.81959997
5317.64   0.96259997
5323.64   0.87899996
5331.65   0.75029995
5335.65   0.84930002
5337.60   1.09350002
5339.59   1.00220004
5341.41   1.07149995
5345.29   0.97800003
5347.27   1.09459999
5351.21   1.13749996
5353.07   1.44880005
5357.06   1.21779996
5369.50   0.54790005
5381.09   0.91639999
5387.09   0.96810001
5395.10   1.12649998
5401.10   0.86139997
5405.10   0.85809996
5406.90   0.87790000
5410.33   0.89989997
5417.34   0.83389996
5418.07   0.74370004
5420.51   0.78439997
5429.59   0.89440002
5431.52   0.97029995
5433.41   0.91860003
5441.12   0.76130004
5448.50   0.93290002
5452.51   0.98460004
5454.51   0.96700005
5464.51   0.89440002
5465.93   0.87569996
5469.94   0.83389996
5477.94   0.78220004
5481.70   1.33770003
5482.77   0.55779996
5484.44   0.99119995
5484.90   0.83940000
5488.90   0.87020002
5494.90   1.18150000
5497.57   2.21000005
5503.31   2.07689996
5509.31   2.13080002
5511.31   1.78319997
5515.18   2.03730000
5516.89   0.77779996
5520.55   1.06600001
5522.05   0.88120000
5525.53   1.24529998
5529.27   1.00330001
5536.80   0.65790000
5545.01   0.82180000
5546.43   0.83830003
5548.39   0.63149995
5548.78   0.74919998
5554.65   0.93839996
5559.48   0.89110002
5560.76   0.84820005
5562.20   0.87350002
5564.17   0.86030000
5565.50   0.89989997
5568.73   0.87790000
5572.04   0.88780001
5574.04   0.87790000
5576.04   1.06820005
5580.04   0.79760000
5581.96   2.00210000
5588.18   2.98439997
5592.18   3.94250004
5596.05   3.30780001
5599.72   3.85119995
5603.46   3.64550004
5609.43   1.06820005
5611.43   0.67549999
5613.43   0.82510001
5615.43   0.73269995
5617.43   0.91309999
5621.44   0.92630001
5623.44   0.97359996
5625.44   0.88229997
5629.44   1.05830003
5631.44   0.94940005
5633.44   0.96480001
5639.32   0.99449996
5647.33   1.61929996
5651.61   2.23200002
5653.61   3.07680003
5657.62   3.43980003
5666.13   2.86340004
5668.13   0.79760000
5670.41   2.09890003
5672.41   0.89110002
5678.29   0.71399999
5682.14   0.64360001
5683.73   0.70079997
5695.85   0.99560003
5697.85   1.01760000
5699.85   0.79760000
5703.86   0.78990002
5709.22   0.95820000
5711.15   3.12079997
5714.08   3.34079997
5723.86   0.80420001
5730.66   0.95269995
5732.66   1.06930002
5734.66   0.89219999
5738.67   0.83940000
5742.67   0.83830003
5746.30   1.98780001
5748.93   2.25950003
5750.83   3.01410002
5756.83   3.70930002
5758.83   3.95239995
5762.81   3.85669999
5770.43   1.96250004
5772.31   0.83830003
5776.26   0.82510001
5779.07   0.90760005
5781.07   0.92630001
5783.07   0.86469997
5787.07   1.19470002
5797.08   3.80720001
5803.08   1.60280004
5807.08   0.80420001
5808.88   0.86799998
5812.39   1.03740003
5813.79   1.10229997
5815.47   0.77890003
5818.68   0.92300001
5821.85   0.93290002
5822.28   0.93399999
5824.28   0.91749996
5824.56   0.93509996
5830.57   1.00990002
5836.57   0.97470002
5839.89   0.85479996
5842.82   0.87680003
5844.23   0.86580004
5846.01   0.89110002
5848.38   0.87899996
5849.81   0.91419996
5851.22   0.88780001
5853.03   0.90430004
5858.56   0.86250004
5860.30   0.86910005
5861.59   0.81850000
5862.83   0.94060000
5863.94   0.83279999
5866.58   0.86360001
5872.06   0.90319997
5872.10   0.99339999
5876.10   0.94169997
5880.10   0.86139997
5887.97   1.01429999
5890.92   0.95929996
5904.02   1.32340004
5905.48   1.52469997
5906.89   1.40370004
5914.61   1.14850005
5916.61   1.03959997
5918.61   1.08580004
5920.61   0.92300001
5924.61   0.81410002
5936.62   1.17929996
5940.62   1.08910005
5950.63   1.18480001
5954.63   1.09239995
5956.63   1.08690001
5958.63   1.10450001
5960.63   0.99119995
5965.53   0.77449996
5974.95   1.36630001
5982.95   1.15290002
5984.95   1.15069998
5990.95   1.12760005
5992.51   1.09459999
5994.06   1.27389996
5998.85   1.17050002
6001.37   1.24859998
6004.76   1.26070004
6010.80   1.35530003
6014.80   1.30910005
6016.80   1.31239995
6021.84   1.28270000
6025.19   1.41910000
6025.43   1.10120000
6029.43   1.03080002
6039.43   1.19579999
6043.44   1.20240000
6049.03   1.21560003
6050.76   1.28049997
6054.05   1.22220004
6060.05   1.10559998
6063.97   1.11440002
6072.77   0.91970000
6076.44   0.89549999
6080.44   0.91970000
6088.45   0.94940005
6090.45   0.98240000
6094.45   1.00220004
6096.45   1.15839996
6100.45   1.20570001
6102.46   1.22660001
6108.46   1.30469997
6112.46   1.28820005
6114.46   1.19359996
6121.58   1.04070004
6125.37   0.96589998
6130.62   1.03959997
6137.96   1.03629996
6140.20   1.20240000
6146.20   1.13749996
6148.20   1.14079997
6153.91   1.21890003
6155.79   1.22880005
6157.74   1.20460004
6167.01   0.97470002
6170.26   1.01320002
6171.42   1.07369999
6181.42   1.27500003
6189.43   1.12430004
6193.43   1.14850005
6195.43   1.17489999
6197.43   1.17380002
6199.43   1.17929996
6207.43   1.33000005
6210.81   1.21449996
6212.74   1.18810001
6220.69   1.11110002
6222.66   1.10229997
6224.43   1.11549999
6232.91   1.04730005
6238.91   0.90760005
6240.91   0.79760000
6244.91   0.77669999
6248.91   0.90979998
6252.92   0.93950003
6254.92   0.88229997
6256.10   0.97140002
6258.97   0.86030000
6260.45   0.89659996
6262.45   0.88889998
6264.40   0.90210000
6266.19   0.87459999
6267.98   0.93069998
6269.89   0.84600001
6271.86   1.32120000
6273.85   0.90319997
6275.72   1.23099998
6278.56   1.16280004
6282.13   1.12979998
6284.11   1.01539996
6287.56   1.26730005
6291.32   1.24750001
6291.51   1.26949998
6293.51   1.23099998
6303.51   0.97249999
6305.51   0.95599996
6307.52   1.12870001
6312.40   1.27940000
6320.33   1.00660001
6327.46   1.25740003
6331.43   1.22220004
6333.32   1.14079997
6337.29   1.14960002
6339.23   1.11880000
6343.53   0.99779996
6347.49   0.98349997
6351.44   0.91530003
6357.59   1.24310004
6359.58   1.29590003
6361.56   1.20460004
6371.40   0.97910000
6377.41   1.00660001
6379.26   1.26730005
6387.20   1.45980003
6389.14   1.64900002
6390.99   1.61159999
6396.18   1.09459999
6400.18   0.93839996
6404.14   0.93620003
6413.62   1.37730000
6422.56   1.27719996
6426.50   1.41800003
6432.12   1.18919998
6434.52   1.27940000
6440.49   1.20570001
6442.49   1.20019997
6444.47   1.20130004
6447.27   1.23099998
6453.21   1.12100004
6459.14   1.30360001
6461.09   1.52250004
6466.44   1.63910000
6473.20   1.55219999
6478.56   1.74690001
6480.55   4.31650003
6481.10   3.83689996
6483.10   4.21860003
6485.08   3.74670005
6487.08   3.97110002
6489.03   0.96040003
6490.85   3.47170002
6492.84   3.07790000
6494.79   3.42439997
6496.63   2.77539996
6498.62   3.24180000
6500.59   0.52370004
6501.34   2.95470002
6503.34   2.39149995
6505.32   3.30889998
6507.26   2.37719996
6509.24   3.11530003
6511.20   1.21890003
6520.29   0.50169997
6528.14   1.19029995
6530.13   1.23760000
6532.06   1.02640004
6537.23   0.86469997
6538.98   0.81959997
6540.98   1.39929996
6544.94   1.15509996
6546.90   1.55880000
6550.81   1.45980003
6552.77   2.18910005
6558.52   0.95710003
6560.42   1.27279999
6562.31   0.98570001
6566.35   0.92739998
6572.17   0.90319997
6576.10   0.90979998
6578.04   0.71290002
6579.85   0.75249999
6586.38   0.92739998
6591.83   0.85369999
6593.29   0.72060000
6596.46   1.19910000
6603.51   3.30340004
6605.51   3.61140002
6607.51   3.30889998
6615.32   0.85809996
6620.32   2.23089995
6624.32   2.94810001
6628.14   1.22990002
6630.32   1.63470002
6632.32   1.03080002
6634.31   1.34210000
6636.23   0.90319997
6641.78   0.84600001
6643.77   0.69309999
6647.69   0.88229997
6652.05   0.92850005
6659.84   0.79539996
6663.11  -0.27380002
6665.85   0.39830003
6669.60   0.10460004
6671.42   2.55760000
6676.61   1.05719996
6680.05   1.03080002
6681.66   0.59080002
6683.54   1.16829998
6685.44   0.99009998
6687.39   1.24970005
6691.16   0.62709998
6691.75   2.39920003
6695.73   0.46760005
6697.68   1.81950003
6699.62   0.74259997
6701.51   0.74700005
6703.40   0.68649998
6705.34   1.00990002
6710.89   0.98460004
6712.89   1.28820005
6714.82   1.00000000
6716.79   1.47850000
6720.77   1.00990002
6722.57   2.73029995
6725.08   2.93050002
6727.00   3.22970005
6728.99   2.40030000
6730.99   2.89200002
6732.99   2.60820005
6736.61   2.78090000
6740.61   1.96250004
6746.57   1.13749996
6748.57   0.88559998
6750.56   3.30670005
6754.08   1.93609999
6760.03   1.62259997
6762.03   0.53910000
6764.03   3.11530003
6769.32   3.67959997
6771.32   4.07009998
6773.16   2.44210000
6784.53   1.04730005
6786.53   0.75800003
6788.48   2.11539996
6792.36   1.34760005
6794.21   2.31560003
6796.21   2.04829998
6797.94   4.57719996
6801.88   0.09910000
6804.91   1.57970000
6808.91   0.87020002
6810.91   2.62250004
6813.03   2.56529998
6814.99   3.79399999
6818.87   2.47730000
6829.88   0.35760000
6831.53   0.34109997
6839.19   1.02859998
6845.20   1.03850000
6849.20   1.98780001
6850.12   1.07920003
6852.44   4.25599996
6855.89   2.03950003
6859.80   4.42210000
6862.50   3.65429999
6864.50   4.21749996
6868.49   3.30229997
6870.31   3.70930002
6872.14   3.47719996
6874.14   4.10090000
6876.14   3.09110002
6880.14   2.17699999
6882.14   0.81299995
6884.14   4.28460004
6888.15   2.82709998
6896.15   2.16160004
6898.15   1.80300001
6906.16   1.70289997
6910.16   1.47850000
6912.16   2.30240000
6914.16   1.78319997
6917.95   1.99770003
6918.44   1.72270000
6920.44   3.41009998
6922.96   1.67869996
6926.96   2.77760000
6930.97   0.79209995
6932.97   1.13860003
6934.97   0.89549999
6936.66   1.30030000
6940.66   1.33770003
6944.66   5.17119995
6948.67   2.88210000
6950.67   5.47149995
6952.45   5.10739998
6953.82   5.39230002
6955.31   4.54420001
6956.29   4.82030000
6958.07   1.97020002
6958.80   3.35069998
6962.80   3.30889998
6966.74   3.32540001
6968.58   2.92720001
6973.77   2.13299995
6975.65   1.90970005
6976.90   2.15279999
6978.85   1.52360001
6983.18   3.42439997
6985.18   2.66540001
6995.59   0.24100004
7003.06   1.35970000
7004.96   2.35410002
7008.14   0.77560003
7009.79   1.09459999
7013.27   1.30469997
7017.16   2.94480001
7019.04   1.15730000
7022.29   1.42790005
7024.29   0.77119995
7026.29   2.69179995
7030.07   1.80409997
7032.03   5.06340004
7033.32   4.80379997
7035.32   5.26030000
7037.29   4.53760000
7040.97   3.80499997
7042.97   3.52450001
7044.95   3.81269995
7046.81   3.40019997
7048.81   3.64439997
7050.30   3.27920003
7052.08   3.51680003
7052.57   3.26709998
7054.57   3.54760005
7054.81   1.20240000
7057.81   1.61380002
7061.81   1.77219999
7066.12   1.13309999
7070.59   1.30360001
7073.09   1.43230002
7073.91   0.53140002
7075.65   2.93269995
7079.46   0.41369999
7080.95   1.69959997
7086.88   2.27269995
7091.99   1.34979998
7097.76   2.18799998
7098.48   2.54439997
7100.48   1.82060000
7104.48   1.87009998
7106.48   1.21560003
7112.45   0.92739998
7114.45   0.74589998
7116.45   1.68090000
7120.45   1.74799998
7122.45   1.89099998
7124.45   0.55560003
7126.46   2.86340004
7128.46   1.76889998
7132.46   3.29239995
7136.46   0.41920003
7138.46   0.90319997
7140.46   0.65899996
7142.47   1.57860003
7150.47   1.08799998
7152.47   2.78750001
7155.50   1.88220004
7157.51   3.20550004
7159.51   1.90640004
7161.51   4.35389996
7163.51   0.25860003
7165.31   0.55560003
7167.30   0.32240000
7169.30   2.69179995
7173.29   0.67219999
7177.80   0.35650003
7185.77   1.56430004
7191.30   0.19260002
7192.63  -0.10880005
7194.55   0.25419996
7200.46   3.21539996
7210.39   0.82180000
7216.31   1.16060000
7218.30   2.79740003
7222.16   1.72270000
7226.05   4.55959997
7229.76   2.02850005
7231.32   2.26610004
7232.48   1.55329995
7235.86   1.92070004
7237.77   1.26949998
7239.77   2.02300001
7241.38   1.64900002
7246.32   2.16270000
7247.69   0.98130004
7250.44   1.04619998
7259.82   1.84810001
7263.74   5.36370004
7266.49   2.14289997
7268.69   2.74240000
7270.83   1.92730005
7272.83   2.24300001
7273.67   1.37950003
7275.04   2.90079997
7276.89   1.38720001
7277.54   3.77309999
7283.48   1.43119995
7287.48   3.49039998
7289.35   1.44439997
7291.27   1.87230002
7293.19   1.47740003
7295.04   2.49159999
7298.85   3.38040003
7306.21   1.89429999
7309.80   1.99000005
7315.45   0.99119995
7321.45   1.82610004
7325.45   3.09549999
7329.46   1.94709998
7335.46   2.18910005
7339.37   2.34310004
7341.90   4.51230002
7343.81   2.46630001
7347.81   3.72139997
7351.19   3.47059995
7358.51   1.41470002
7362.46   1.54780001
7364.45   1.97790000
7366.32   1.05279999
7368.24   3.35290002
7372.09   1.38610004
7376.08   3.61359996
7379.89   1.81839996
7383.89   2.72480001
7387.89   0.88889998
7389.81   1.21890003
7391.76   0.98679998
7393.54   3.47830003
7397.52   0.92739998
7399.42   5.22180000
7401.41   4.86210000
7403.38   5.22619998
7405.37   1.70949998
7407.29   4.67069998
7409.25   4.38360001
7411.21   4.61350002
7413.15   2.75449996
7416.79   2.83039998
7418.46   1.78319997
7421.95   1.24090000
7423.94   0.94390001
7425.94   1.47299995
7429.57   1.54450001
7435.77   1.23760000
7443.80   1.45209995
7445.80   2.16049997
7449.76   1.59730000
7451.76   2.33869996
7453.71   1.09899996
7455.41   2.30679998
7456.77   1.10889998
7462.68   2.53119995
7466.50   1.73260002
7470.48   1.19689996
7472.46   0.97359996
7474.44   1.27170002
7478.11   1.23429999
7481.53   1.27389996
7486.87   1.10559998
7488.49   1.18370004
7494.42   1.19800003
7497.96   1.25850000
7501.77   1.31569996
7507.77   1.43230002
7515.77   1.59839996
7519.77   1.78870001
7523.78   2.23089995
7525.78   2.47179995
7527.78   1.77880000
7529.78   2.29910000
7531.78   1.38610004
7535.78   1.42349997
7537.78   0.90649998
7539.78   1.46640004
7541.66   0.82070004
7545.56   0.86250004
7549.47   0.85369999
7551.47   0.94720001
7553.56   1.07369999
7555.56   1.30030000
7557.56   0.97800003
7559.56   1.20679998
7561.56   0.86360001
7567.35   0.80750001
7571.27   1.09680003
7579.27   1.10229997
7586.74   1.70949998
7586.92   3.20439997
7590.16   2.94480001
7596.16   1.79639999
7598.16   0.56769998
7602.17   0.56550004
7611.88   1.04289997
7615.67   1.14190004
7618.75   1.19910000
7620.75   1.26070004
7622.73   1.19689996
7630.56   0.95269995
7632.76   0.97140002
7634.76   1.36739998
7640.55   1.05609999
7642.21   1.26619998
7650.75   2.29140002
7652.64   3.04600001
7657.23   4.87860003
7659.23   5.10630001
7661.24   4.72240000
7661.97   5.13159999
7663.97   4.36490004
7665.97   5.00070004
7667.91   4.34289997
7669.90   4.69159999
7671.59   1.01209995
7675.42   3.91830003
7678.69   4.34400004
7680.60   4.83350002
7682.59   4.59590003
7684.57   4.83239995
7686.52   4.29560003
7688.46   4.55850000
7689.43   4.10529998
7691.43   4.73009998
7693.37   4.04589998
7695.35   4.67179995
7697.35   4.13279999
7699.32   4.35830003
7701.27   3.15159999
7703.08   4.42319997
7705.07   3.89740003
7706.74   4.16030000
7708.03   3.85009998
7709.61   4.48810001
7711.22   3.85230002
7713.22   4.15369999
7714.54   3.78079997
7716.23   4.19000005
7718.23   1.55880000
7720.23   3.95350002
7722.23   3.51239995
7724.23   3.74889998
7726.23   3.26600001
7728.23   3.51569996
7730.24   3.19779996
7732.19   3.49809996
7734.19   3.01740003
7736.04   3.32760005
7736.54   1.65119995
7742.43   0.80420001
7748.30   0.97249999
7749.10   1.15620003
7753.09   0.78880005
7757.07   0.89000005
7759.06   0.85149995
7760.99   0.87459999
7766.75   0.90319997
7768.73   1.05609999
7778.47   3.74010003
7779.65   4.03929996
7781.65   3.74450001
7783.65   4.02390001
7785.61   3.04709998
7787.61   3.83910000
7789.48   1.19249999
7794.48   0.61609999
7796.41   0.29269995
7802.25   0.55890003
7806.42   1.07590003
7808.35   1.12540001
7810.28   0.38180000
7814.23   0.68430004
7818.19   0.86139997
7820.19   0.94829998
7822.13   0.92300001
7826.06   1.01980003
7829.95   0.69970000
7831.88   0.89110002
7836.29   1.02529998
7844.27   0.84160004
7846.24   0.81080002
7848.22   0.83719996
7855.64   0.82180000
7857.60   0.87680003
7866.93   0.92190004
7868.90   1.75020002
7870.88   1.19359996
7872.88   1.97459999
7876.01   1.71830003
7881.86   1.15509996
7883.81   1.09129999
7887.77   0.92630001
7890.51   0.59959997
7892.51   0.85369999
7894.49   0.82840001
7895.62   1.02529998
7902.52   1.33440002
7906.49   1.70400004
7910.47   1.38060000
7914.39   2.31669999
7918.58   4.60030000
7920.57   5.01940000
7922.54   4.74660001
7924.46   5.07440002
7926.31   4.55519999
7928.14   4.79170002
7930.12   4.06570001
7932.07   5.58370004
7934.07   5.34720001
7936.07   5.69039998
7938.07   5.31639999
7940.07   5.65959997
7941.72   5.20859998
7942.95   5.64199997
7944.96   5.28670005
7946.96   5.54739998
7948.10   4.02499997
7949.15   4.30330001
7950.98   3.34409997
7952.84   5.21740003
7954.84   4.69489999
7955.39   4.96000000
7957.40   0.82619998
7959.40   3.95020002
7963.18   3.71590003
7965.18   4.07890003
7967.17   3.39470002
7969.10   3.78520004
7970.27   3.04709998
7972.27   3.41449996
7974.24   2.98439997
7976.10   3.26820005
7977.61   2.85569996
7979.61   3.10210000
7981.61   1.46090000
7985.57   1.44990002
7987.54   0.52480001
7989.51   0.66559998
7991.99   0.61609999
7993.99   0.73050002
7999.93   0.89659996
8001.93   0.91639999
8005.73   0.76570001
8011.46   0.58750001
8019.42   0.93839996
8021.42   0.99779996
8025.42   0.97470002
8033.43   0.94829998
8035.43   0.89219999
8039.43   0.87350002
8043.22   0.94940005
8049.77   0.70079997
8051.77   0.49399999
8055.77   0.55230002
8061.77   0.81959997
8063.77   0.93069998
8067.77   1.08139997
8069.42   1.17929996
8071.10   1.15620003
8073.10   1.25519999
8074.43   1.01099998
8080.43   1.02420001
8086.34   1.00330001
8090.19   0.86030000
8092.11   0.76019997
8094.12   1.00550004
8096.42   0.89770003
8099.79   1.28379997
8104.93   1.19249999
8106.81   1.26070004
8110.57   1.08139997
8114.45   1.20570001
8117.93   0.91309999
8119.73   1.18040003
8127.49   4.60580004
8129.14   4.87419996
8130.68   4.50240000
8131.39   4.92919998
8132.88   4.36490004
8134.88   4.79609999
8136.88   4.48040003
8136.95   4.81479996
8138.95   4.30330001
8140.84   4.73560003
8142.59   4.38910005
8144.59   4.76310004
8146.26   4.11629996
8147.81   4.40670005
8149.81   4.13940000
8151.68   4.57719996
8153.51   4.07560003
8155.34   4.37039998
8157.15   4.05029995
8159.08   4.39899996
8160.92   3.80720001
8162.91   4.25929996
8164.54   3.51680003
8166.13   3.89959997
8167.77   3.64220004
8169.48   4.05029995
8171.22   3.72139997
8173.14   3.95680003
8174.96   0.73269995
8176.83   2.38930002
8179.75   2.45419996
8181.21   2.88870001
8182.64   2.23749996
8184.11   2.66760005
8185.50   2.29910000
8187.03   2.58510001
8188.55   2.16160004
8190.11   2.49489999
8191.62   1.68420001
8192.93   2.00649998
8194.60   1.38829998
8196.12   2.15279999
8199.73   1.69410002
8201.64   2.10550004
8203.34   1.48180000
8205.26   1.99549999
8207.07   0.98679998
8208.80   1.89869996
8212.70   1.39050002
8214.45   1.67539996
8216.21   0.31800003
8219.95   0.17389996
8227.10   0.99890003
8228.87   1.66109997
8230.87   1.17269995
8238.36   1.14409997
8242.33   0.81959997
8249.99   0.70300001
8259.75   0.89989997
8261.41   1.16610004
8265.14   1.05609999
8274.28   0.86580004
8276.10   0.77890003
8278.02   0.89110002
8281.86   0.91200002
8283.71   0.94280004
8285.45   0.83059995
8288.87   1.11000005
8290.58   1.04510001
8292.45   2.14619998
8297.71   3.57069998
8305.42   3.71590003
8307.26   3.15820000
8309.21   3.43099998
8311.15   2.91620003
8320.73   0.77890003
8326.59   0.77009998
8328.49   0.94060000
8338.19   1.07590003
8343.39   0.82400004
8348.78   1.10450001
8350.65   1.36190004
8351.80   1.06270000
8355.22   1.18810001
8362.85   1.15069998
8366.85   1.13089995
8368.85   1.09459999
8370.85   1.29699999
8380.86   1.46970005
8382.86   1.51369999
8388.86   1.16829998
8390.86   1.30469997
8392.86   1.17929996
8398.87   1.38940005
8400.87   1.29809996
8402.87   2.04280004
8406.87   1.79639999
8408.87   2.36289997
8412.87   1.71170002
8416.88   2.47399999
8420.88   0.72060000
8425.16   0.42360001
8431.59   1.05059995
8439.59   1.64349997
8441.59   0.35539996
8443.84   0.66010003
8447.84   0.72720001
8453.85   0.87020002
8457.85   0.95380002
8463.85   0.89880000
8464.28   0.70409997
8466.83   0.76460004
8471.09   0.90319997
8481.10   1.32889998
8485.10   0.99119995
8493.11   0.33119995
8501.11   1.70949998
8503.11   2.33539996
8505.11   1.65339999
8512.19   0.78439997
8514.11   0.54460004
8516.65   0.89659996
8519.35   0.81629996
8523.35   0.53800003
8531.35   2.83369999
8535.36   4.25599996
8539.36   1.20570001
8541.36   3.60810001
8545.07   2.42229997
8548.87   3.58829998
8550.83   2.31779996
8552.59   3.75000005
8554.56   1.10120000
8556.11   3.67740003
8557.99   0.77119995
8561.23   0.97579999
8563.05   0.67549999
8564.79   2.09890003
8568.35   1.77989997
8570.13   2.94259997
8573.76   1.32120000
8578.44   1.19910000
8579.70   1.08469997
8581.14   2.63239995
8583.22   1.43890003
8589.22   0.98460004
8591.22   0.46319997
8595.22   1.44330001
8599.22  -0.04169997
8601.23   0.49509996
8609.23   1.54780001
8613.05   1.69740003
8616.87   1.65230002
8617.97   1.97790000
8621.59   1.10450001
8627.32   0.86910005
8630.34   0.97249999
8632.02   3.41009998
8635.17   2.72810001
8639.39   1.61380002
8641.33   1.03519999
8643.33   5.22949998
8644.27   1.05170002
8648.27   4.23399999
8652.27   3.92600001
8657.59   0.32019997
8664.84   3.22529998
8668.70   2.89309999
8672.45   0.62270000
8674.45   1.51590003
8676.45   1.25850000
8678.30   1.52469997
8680.29   0.30480001
8684.04   1.19579999
8687.80   1.05389996
8691.64   0.53689996
8700.91   2.42559998
8706.16   3.62019997
8710.16   2.16820005
8712.16   3.51569996
8714.17   2.08570001
8716.17   2.80510001
8718.17   1.05830003
8720.17   3.42990002
8724.17   3.01299995
8728.17   2.47950003
8730.17   1.77989997
8736.18   4.95779996
8740.18   0.86690001
8744.18   1.20570001
8748.18   1.01869996
8750.18   1.60610004
8752.18   1.31020002
8760.19   0.60070004
8764.19   0.59410002
8766.19   1.51590003
8770.19   0.30589998
8774.20   2.98109997
8780.20   1.26949998
8782.20   2.37830003
8784.20   1.07699999
8786.20   1.41359996
8788.20   0.69200002
8790.20   3.14390001
8796.21   1.01429999
8798.21   4.58379997
8800.21   4.36160004
8802.21   4.65749996
8804.21   4.30550004
8806.21   4.57059995
8808.21   4.25820000
8810.21   4.47929996
8812.22   4.20100004
8814.22   4.52330001
8816.22   4.24169997
8818.22   4.46829998
8820.22   1.75680003
8822.22   2.14070004
8826.22   2.18139997
8830.23   2.11099998
8832.23   1.31020002
8836.23   2.30460004
8838.23   1.94049997
8840.23   4.63880000
8842.23   4.21749996
8844.23   5.11839996
8846.23   1.35419996
8850.24   4.54310004
8852.24   4.19110002
8854.24   4.44520004
8856.24   4.08000000
8858.24   4.33189999
8860.24   1.74799998
8862.24   3.41449996
8864.24   1.70730005
8868.25   1.57860003
8870.25   1.29149995
8872.25   2.03509996
8874.25   1.21339999
8876.25   2.10220004
8878.25   1.39159999
8880.25   4.22300001
8884.26   2.15389996
8886.26   3.53000005
8888.26   3.17140002
8890.26   4.82910005
8892.26   4.53209995
8894.26   4.79719996
8896.26   4.53209995
8898.26   5.14480001
8900.26   2.58730005
8904.27   4.67399999
8908.27   4.03380002
8912.27   2.94480001
8914.27   1.72820005
8918.27   2.71050002
8928.28   3.41009998
8930.28   3.79730000
8932.28   3.51680003
8934.28   3.76760005
8936.28   1.84810001
8940.28   1.40810001
8942.28   1.26730005
8946.29   1.28160004
8948.29   0.76900002
8950.29   0.83500003
8952.29   0.53470002
8954.29   1.02970005
8960.30   0.68100004
8964.30   0.69200002
8970.30   1.48619998
8972.30   2.53339999
8974.30   2.18910005
8976.30   2.52019997
8978.30   1.21669999
8986.31   4.23620003
8990.31   0.38730005
8992.31   5.69590003
8994.31   5.07770003
8996.32   5.30649998
8998.32   0.70739998
9000.32   4.43749996
9006.32   0.95929996
9008.32   4.21200002
9010.32   3.84570001
9012.32   4.39680003
9014.32   2.10660001
9016.33   2.66870001
9018.33   1.05719996
9020.33   3.52340004
9024.33   1.12100004
